2 0.227095 0.415338 0.193712 0.154454
2 0.229099 0.538903 0.168329 0.073657
2 0.221083 0.670787 0.141614 0.152074
2 0.219079 0.780093 0.118896 0.047519
2 0.249805 0.898903 0.129584 0.199602
2 0.330630 0.628014 0.093514 0.133065
2 0.346661 0.835931 0.117559 0.311287
2 0.468233 0.870375 0.141609 0.213898
2 0.567759 0.833560 0.073477 0.192472
2 0.689997 0.767023 0.179016 0.292269
2 0.215073 0.301278 0.166991 0.073667
2 0.241122 0.237120 0.077486 0.059407
2 0.309253 0.235935 0.061452 0.061778
2 0.372382 0.369565 0.106950 0.079074
2 0.467926 0.340343 0.083108 0.089389
2 0.427983 0.457231 0.209386 0.162722
2 0.492408 0.539741 0.084399 0.077926
2 0.407043 0.560940 0.092775 0.079065
2 0.421216 0.647463 0.083753 0.126056
2 0.504326 0.682986 0.099219 0.229194
2 0.429271 0.752889 0.086976 0.123759
2 0.582605 0.560366 0.079245 0.130639
2 0.574875 0.681264 0.062493 0.138657
2 0.609341 0.429167 0.175237 0.168519
2 0.640908 0.552347 0.072155 0.137509
2 0.712100 0.528852 0.080536 0.193667
2 0.760419 0.488171 0.112749 0.181065
2 0.835799 0.465250 0.137231 0.183352
2 0.885083 0.318000 0.154623 0.129500
2 0.892493 0.206269 0.178459 0.089389
2 0.938235 0.426292 0.074086 0.110009
2 0.941780 0.523125 0.108235 0.085954
2 0.922129 0.619958 0.110172 0.112306
2 0.914396 0.732833 0.121765 0.154704
2 0.831934 0.622824 0.105013 0.184500
2 0.826135 0.746583 0.093415 0.161574
2 0.744753 0.265782 0.055305 0.092843
2 0.789027 0.264403 0.036356 0.098917
2 0.781882 0.334866 0.054373 0.058583
2 0.735586 0.327958 0.041322 0.058028
2 0.722847 0.390681 0.021437 0.078472
2 0.751122 0.389301 0.035112 0.074602
2 0.692710 0.269102 0.050645 0.082889
2 0.693954 0.333208 0.052509 0.046417
2 0.650146 0.265236 0.045674 0.089528
2 0.615659 0.274630 0.036970 0.072944
2 0.592978 0.282644 0.017085 0.050287
2 0.648605 0.338491 0.024133 0.022241
2 0.665370 0.334176 0.013436 0.034463
2 0.425731 0.253852 0.057168 0.097815
2 0.484138 0.268773 0.068974 0.061343
2 0.538201 0.201352 0.068355 0.091185
2 0.548298 0.261861 0.073014 0.039796
2 0.371978 0.262968 0.049089 0.044213
