2 0.289123 0.374991 0.279245 0.226074
2 0.317884 0.321361 0.106689 0.115519
2 0.401379 0.340338 0.080708 0.113861
2 0.493225 0.370042 0.138235 0.173269
2 0.599914 0.412120 0.095560 0.135315
2 0.680627 0.431097 0.115966 0.153472
2 0.742785 0.343639 0.134524 0.133667
2 0.754846 0.448421 0.077002 0.132009
2 0.817931 0.459977 0.071437 0.171620
2 0.801231 0.581264 0.080713 0.110565
5 0.794276 0.644796 0.074217 0.042907
2 0.778969 0.712449 0.082561 0.108917
2 0.750208 0.820532 0.112254 0.127065
2 0.669029 0.841162 0.064940 0.099009
2 0.609654 0.851060 0.072363 0.099009
2 0.523842 0.865093 0.119677 0.107259
2 0.517348 0.780931 0.089990 0.084157
2 0.587853 0.778454 0.054737 0.075907
2 0.636559 0.776810 0.059375 0.069306
2 0.683876 0.780935 0.053811 0.061056
2 0.726085 0.690176 0.058449 0.136963
2 0.731189 0.598588 0.048240 0.049509
2 0.742793 0.554032 0.039880 0.066009
2 0.665783 0.505352 0.141947 0.074259
2 0.686195 0.545782 0.075148 0.056102
2 0.665320 0.593634 0.077928 0.082509
2 0.637025 0.687699 0.052884 0.125417
2 0.684336 0.668722 0.051026 0.087463
2 0.675989 0.730602 0.058444 0.049500
2 0.576257 0.674500 0.100198 0.135315
2 0.605023 0.585389 0.055648 0.089111
2 0.546569 0.505356 0.100198 0.140269
2 0.516419 0.670370 0.060302 0.153463
2 0.544250 0.590338 0.084420 0.062713
2 0.455187 0.457477 0.075143 0.084120
2 0.444518 0.531755 0.102051 0.127065
2 0.493688 0.534231 0.022264 0.118815
2 0.220934 0.506176 0.131739 0.168315
2 0.343860 0.519380 0.115966 0.155111
2 0.213048 0.650569 0.130812 0.255769
2 0.214440 0.843639 0.152150 0.288778
2 0.318347 0.609315 0.077933 0.057759
2 0.371692 0.609315 0.039896 0.057759
2 0.334120 0.660468 0.105763 0.067657
2 0.334581 0.719875 0.086278 0.077565
2 0.316491 0.802384 0.048246 0.097361
2 0.377723 0.788361 0.072363 0.059407
2 0.313243 0.903042 0.051026 0.130361
2 0.414368 0.622519 0.054732 0.077556
2 0.469568 0.614269 0.074222 0.074259
2 0.443129 0.692648 0.112254 0.122111
2 0.439880 0.770204 0.111327 0.072611
2 0.401379 0.874167 0.128954 0.141907
