2 0.925701 0.930806 0.130517 0.138387
2 0.324963 0.070134 0.184391 0.140269
2 0.155092 0.319866 0.147085 0.365215
2 0.300111 0.316855 0.155351 0.371237
2 0.456513 0.454140 0.144982 0.344086
2 0.506236 0.737876 0.240295 0.235430
2 0.749631 0.743898 0.250627 0.205215
2 0.613930 0.926290 0.165720 0.147419
2 0.454446 0.923253 0.157454 0.153495
2 0.302177 0.923253 0.155351 0.153495
2 0.152011 0.926290 0.165720 0.147419
2 0.037030 0.923253 0.068376 0.153495
2 0.038708 0.669973 0.077417 0.335000
2 0.154077 0.674489 0.161587 0.344032
2 0.307325 0.682097 0.153395 0.346989
2 0.776550 0.926290 0.159520 0.147419
