2 0.333036 0.722989 0.290000 0.214130
2 0.172473 0.399158 0.189891 0.387011
2 0.299364 0.530761 0.257200 0.299239
2 0.131909 0.762962 0.146727 0.392120
2 0.387418 0.877772 0.281382 0.214130
2 0.609236 0.725571 0.265818 0.208967
2 0.661018 0.877609 0.276218 0.244783
2 0.749055 0.716522 0.151927 0.345761
2 0.719709 0.434022 0.227855 0.245109
2 0.733000 0.237690 0.271018 0.180598
2 0.396036 0.239212 0.164000 0.356033
2 0.555709 0.254701 0.169164 0.247663
2 0.456455 0.470136 0.074218 0.152228
2 0.521200 0.564293 0.151927 0.118696
