0 0.424463 0.572622 0.111466 0.289512
0 0.258420 0.705061 0.139055 0.424146
0 0.330358 0.365061 0.112704 0.273780
0 0.747541 0.470518 0.220554 0.377012
0 0.558143 0.476128 0.170228 0.477988
0 0.422671 0.190030 0.124691 0.287256
0 0.420863 0.407713 0.087524 0.215427
0 0.507182 0.643323 0.104267 0.148110
0 0.407085 0.803780 0.189414 0.262561
0 0.543746 0.802652 0.119870 0.219939
0 0.658241 0.878963 0.113876 0.161585
0 0.645651 0.676982 0.153453 0.350061
0 0.834463 0.712896 0.104300 0.372500
0 0.751140 0.786951 0.081498 0.282805
