0 0.505630 0.374146 0.198504 0.156432
0 0.705020 0.644045 0.214055 0.158643
0 0.604016 0.516256 0.198504 0.158643
0 0.490945 0.915050 0.189921 0.158643
0 0.691201 0.905151 0.210591 0.156432
0 0.597126 0.793894 0.201969 0.127789
0 0.399469 0.791658 0.193346 0.141005
0 0.296732 0.911256 0.184724 0.177487
0 0.099075 0.885327 0.189882 0.174070
0 0.194902 0.775126 0.188150 0.174070
0 0.294154 0.650653 0.207126 0.149849
0 0.501319 0.651759 0.193346 0.147638
0 0.386496 0.520653 0.205433 0.149849
0 0.889724 0.872111 0.203701 0.200503
0 0.803406 0.761910 0.200276 0.178492
