0 0.754578 0.686667 0.173689 0.327556
0 0.558911 0.695444 0.217644 0.331956
0 0.077756 0.733911 0.155511 0.237422
0 0.081844 0.581133 0.151689 0.169289
0 0.196178 0.692156 0.200089 0.281378
0 0.380844 0.683356 0.178044 0.290178
0 0.925111 0.653467 0.149778 0.327556
0 0.862311 0.631689 0.142933 0.279200
0 0.700733 0.377778 0.162711 0.272622
0 0.591911 0.440444 0.305600 0.222044
0 0.386333 0.385467 0.153911 0.270400
0 0.243444 0.395356 0.167067 0.272578
0 0.481978 0.861422 0.200044 0.149511
0 0.326978 0.731711 0.285778 0.268222
