0 0.316468 0.729506 0.245774 0.387284
0 0.128500 0.104691 0.156161 0.209383
0 0.168194 0.517870 0.229742 0.362407
0 0.489952 0.878580 0.251581 0.242840
0 0.818871 0.505401 0.218323 0.326481
0 0.919919 0.324198 0.160161 0.207531
0 0.645226 0.368457 0.195161 0.323704
0 0.505145 0.212160 0.174935 0.249012
0 0.377113 0.100556 0.164677 0.201111
0 0.785613 0.209414 0.174968 0.260062
0 0.638065 0.114383 0.160323 0.228765
0 0.234710 0.206636 0.186645 0.293272
0 0.356871 0.365710 0.199677 0.329198
0 0.500710 0.555216 0.226839 0.403889
0 0.679274 0.755802 0.236935 0.445432
0 0.082323 0.349105 0.164645 0.301543
