0 0.650622 0.789156 0.123556 0.056889
0 0.344933 0.107044 0.136622 0.113822
0 0.349000 0.198111 0.138178 0.074800
0 0.350622 0.263978 0.128444 0.086178
0 0.360378 0.335511 0.121911 0.076444
0 0.502644 0.176956 0.136578 0.120311
0 0.496978 0.256622 0.144711 0.078044
0 0.501844 0.320867 0.141467 0.069911
0 0.644111 0.240378 0.130089 0.117111
0 0.644933 0.324111 0.141422 0.076400
0 0.487222 0.400556 0.147956 0.125200
0 0.582333 0.384267 0.104044 0.105689
0 0.350622 0.623289 0.134933 0.105689
0 0.647378 0.849311 0.139822 0.125200
0 0.648200 0.724111 0.138267 0.112222
0 0.354689 0.696489 0.139867 0.073156
0 0.356311 0.743644 0.130044 0.060178
0 0.363644 0.807067 0.138222 0.066667
0 0.503467 0.668822 0.144711 0.092667
0 0.496156 0.743644 0.139867 0.066667
0 0.497778 0.798111 0.120356 0.068311
0 0.562000 0.847689 0.099200 0.112178
