0 0.183707 0.488170 0.198533 0.304175
0 0.766332 0.273840 0.252046 0.308814
0 0.497027 0.250799 0.193359 0.345722
0 0.735309 0.718634 0.282973 0.276546
0 0.475463 0.717474 0.167452 0.251237
0 0.270888 0.794691 0.210579 0.285773
0 0.812085 0.521598 0.150193 0.306495
0 0.645483 0.542320 0.158842 0.265052
0 0.666197 0.390206 0.110463 0.182062
0 0.474575 0.505464 0.134633 0.218969
0 0.518610 0.386753 0.101853 0.193608
0 0.250347 0.282371 0.208880 0.387216
0 0.374459 0.435155 0.134633 0.188969
0 0.317490 0.581521 0.176062 0.177474
