0 0.610233 0.475119 0.155867 0.263333
0 0.870967 0.112262 0.080333 0.167024
0 0.941783 0.489018 0.116433 0.192679
0 0.233817 0.061488 0.103100 0.122976
0 0.058767 0.086101 0.117533 0.172202
0 0.120500 0.642827 0.241000 0.714345
0 0.683967 0.308125 0.125867 0.181964
0 0.759483 0.568214 0.171433 0.265476
0 0.709133 0.834732 0.276933 0.306131
0 0.908150 0.816220 0.166633 0.367560
0 0.443600 0.867589 0.273333 0.264821
0 0.489150 0.692381 0.115100 0.244048
0 0.323717 0.635655 0.227767 0.361786
0 0.279967 0.335982 0.317667 0.280417
0 0.380667 0.182917 0.185800 0.342500
