0 0.387964 0.763989 0.213964 0.195519
0 0.258564 0.322923 0.050582 0.191202
0 0.361218 0.330574 0.117127 0.189016
0 0.885309 0.227350 0.098327 0.247705
0 0.359782 0.552158 0.108436 0.293279
0 0.544836 0.337077 0.047709 0.149891
0 0.606273 0.292541 0.063600 0.221585
0 0.467491 0.246885 0.060727 0.143388
0 0.585309 0.809617 0.151782 0.286776
0 0.719764 0.655355 0.125782 0.286776
0 0.583873 0.618443 0.200982 0.169454
0 0.239036 0.050301 0.199527 0.097760
0 0.123382 0.254508 0.080945 0.223770
0 0.207964 0.832432 0.134473 0.193388
0 0.708200 0.281667 0.117127 0.243333
0 0.852782 0.543470 0.186509 0.580055
