0 0.769016 0.160337 0.124290 0.320675
0 0.243903 0.160521 0.129484 0.321043
0 0.367661 0.153773 0.126032 0.307546
0 0.493677 0.160337 0.122581 0.320675
0 0.630065 0.163650 0.136387 0.327301
0 0.829452 0.502914 0.127742 0.397239
0 0.695661 0.494693 0.126032 0.387423
0 0.564468 0.496350 0.132935 0.390736
0 0.429823 0.483221 0.108742 0.377607
0 0.293435 0.501288 0.112226 0.380859
0 0.151016 0.489785 0.138097 0.377607
0 0.111306 0.831074 0.124290 0.337853
0 0.238194 0.836012 0.122581 0.327975
0 0.365935 0.836012 0.129484 0.327975
0 0.510952 0.836012 0.122548 0.327975
0 0.639565 0.826135 0.145000 0.347730
0 0.772484 0.831074 0.134645 0.337853
0 0.897629 0.824509 0.119129 0.350982
