0 0.579117 0.498065 0.110500 0.274345
0 0.523017 0.197500 0.105300 0.265119
0 0.214867 0.741607 0.145000 0.397619
0 0.453967 0.482679 0.101867 0.348333
0 0.417717 0.222173 0.129500 0.209583
0 0.761233 0.299226 0.098400 0.289762
0 0.815617 0.495000 0.103567 0.323690
0 0.813900 0.800179 0.127733 0.329881
0 0.688733 0.903423 0.115667 0.104821
0 0.697383 0.715417 0.105300 0.289762
0 0.687017 0.424107 0.091500 0.299048
0 0.633500 0.265357 0.112200 0.141786
0 0.570483 0.804792 0.120833 0.302083
0 0.464333 0.806339 0.119133 0.305179
0 0.344350 0.434881 0.120833 0.289762
0 0.340900 0.700000 0.134667 0.314405
0 0.286517 0.157470 0.105300 0.277440
0 0.209750 0.399435 0.124167 0.336012
0 0.337450 0.897262 0.141567 0.117143
