0 0.854511 0.562667 0.186978 0.123556
0 0.849644 0.645578 0.193511 0.091067
0 0.849644 0.699244 0.177244 0.084533
0 0.850444 0.766711 0.172356 0.060178
0 0.848022 0.812244 0.170711 0.069911
0 0.414444 0.567200 0.187111 0.128444
0 0.409800 0.640711 0.185378 0.094311
0 0.413067 0.695978 0.178844 0.081289
0 0.407378 0.750444 0.170756 0.089422
0 0.404933 0.804933 0.162578 0.071556
0 0.212267 0.587867 0.183733 0.115467
0 0.214689 0.665111 0.175600 0.078044
0 0.211444 0.719556 0.162622 0.089422
0 0.218756 0.778911 0.167467 0.068311
0 0.145600 0.858578 0.177244 0.139822
0 0.280556 0.851289 0.157733 0.128444
0 0.726867 0.850467 0.152844 0.120311
0 0.582178 0.865089 0.172356 0.136578
0 0.654511 0.772422 0.164222 0.091067
0 0.656156 0.718756 0.167511 0.068267
0 0.653711 0.665089 0.169111 0.074800
0 0.655333 0.596000 0.172356 0.115467
0 0.656956 0.343956 0.182089 0.069956
0 0.661044 0.294356 0.186978 0.094311
0 0.662600 0.237444 0.183867 0.097556
0 0.665089 0.182978 0.185378 0.076444
0 0.665911 0.100867 0.196711 0.123600
0 0.540711 0.387867 0.154489 0.121956
0 0.394378 0.395178 0.180489 0.123600
0 0.464289 0.312244 0.164222 0.081289
0 0.465911 0.258578 0.183733 0.078044
0 0.465889 0.203311 0.180489 0.091067
0 0.466711 0.129311 0.178844 0.118711
