0 0.158678 0.473634 0.084601 0.367049
6 0.829330 0.681913 0.296920 0.335847
0 0.777554 0.515273 0.062138 0.242131
0 0.757681 0.434590 0.067319 0.278579
0 0.630815 0.402049 0.041413 0.312404
0 0.576431 0.361667 0.074239 0.361913
0 0.514239 0.400738 0.098333 0.304645
0 0.400344 0.395546 0.084601 0.330656
0 0.335616 0.451503 0.069058 0.333279
0 0.257935 0.266639 0.096667 0.150984
0 0.851775 0.493142 0.100145 0.229126
0 0.686069 0.450219 0.082862 0.247322
0 0.553134 0.623361 0.303804 0.255137
6 0.130199 0.761311 0.151920 0.145792
0 0.244130 0.519180 0.127754 0.322842
0 0.347699 0.816011 0.303804 0.208306
0 0.585054 0.741803 0.132935 0.158798
0 0.582482 0.856366 0.103587 0.101585
