0 0.184983 0.122135 0.297585 0.244269
0 0.165442 0.462749 0.330884 0.236140
0 0.167602 0.672778 0.335204 0.243567
0 0.841105 0.876170 0.317789 0.247661
0 0.827500 0.645439 0.339762 0.233684
0 0.512313 0.886111 0.354218 0.227778
0 0.491361 0.676491 0.341224 0.236140
0 0.171939 0.881140 0.343878 0.237719
0 0.501480 0.289971 0.318061 0.283333
0 0.189915 0.293684 0.316633 0.265965
0 0.821718 0.116345 0.320510 0.232690
0 0.479065 0.485117 0.328197 0.241111
0 0.481956 0.119971 0.289150 0.239942
0 0.812330 0.263860 0.329626 0.256023
0 0.803639 0.462778 0.326735 0.265906
