0 0.112145 0.862049 0.224291 0.275902
0 0.271745 0.102623 0.236509 0.205246
0 0.509109 0.100027 0.224400 0.200055
0 0.165582 0.215628 0.262364 0.306120
0 0.421055 0.178005 0.248582 0.282787
0 0.681727 0.157104 0.258945 0.314208
0 0.902145 0.145437 0.195709 0.290874
0 0.859545 0.311612 0.248618 0.316448
0 0.616145 0.358279 0.262400 0.368361
0 0.323527 0.380328 0.274473 0.324262
0 0.094018 0.419262 0.188036 0.350219
0 0.218236 0.643634 0.267600 0.378743
0 0.402945 0.824426 0.326255 0.351148
0 0.525509 0.568415 0.302073 0.352787
0 0.717982 0.812760 0.317636 0.374481
0 0.817236 0.541175 0.288291 0.386503
0 0.938400 0.708497 0.123200 0.337213
0 0.069836 0.125984 0.139673 0.251967
