0 0.408774 0.270863 0.106804 0.391367
0 0.105165 0.748921 0.037163 0.219137
0 0.135482 0.627770 0.029972 0.360000
0 0.167851 0.778022 0.049146 0.203525
0 0.215207 0.663741 0.098292 0.363165
0 0.287135 0.726367 0.064738 0.225396
0 0.327273 0.871942 0.101928 0.090791
0 0.308127 0.591763 0.113884 0.457050
0 0.410620 0.649676 0.115069 0.428849
0 0.546088 0.500971 0.194215 0.695036
0 0.484945 0.746727 0.052755 0.165971
0 0.592837 0.732626 0.040771 0.225396
0 0.544876 0.854748 0.038347 0.050072
0 0.672548 0.674712 0.106694 0.422662
0 0.759477 0.712302 0.064738 0.222302
0 0.784050 0.868813 0.058733 0.059496
0 0.888402 0.775072 0.046887 0.240791
0 0.855964 0.724820 0.068347 0.309928
0 0.820000 0.698201 0.049146 0.306763
0 0.749311 0.510252 0.034711 0.144245
0 0.797231 0.518201 0.053967 0.153381
0 0.714518 0.367950 0.118678 0.253597
