0 0.370465 0.766923 0.234961 0.202974
0 0.357287 0.159026 0.170233 0.318051
0 0.483159 0.448128 0.153450 0.345795
0 0.109709 0.471897 0.205000 0.364821
0 0.370446 0.928667 0.251744 0.142667
0 0.559283 0.845436 0.173837 0.290256
0 0.834399 0.736769 0.256550 0.364821
0 0.694748 0.394179 0.264922 0.279128
0 0.662364 0.154256 0.300930 0.308513
0 0.867345 0.456051 0.101899 0.171282
0 0.829593 0.251436 0.285310 0.260103
0 0.136085 0.069410 0.272171 0.138821
0 0.106705 0.218923 0.213411 0.198256
0 0.258372 0.169769 0.133101 0.271231
0 0.136686 0.864436 0.273372 0.271128
0 0.038973 0.697923 0.077946 0.372769
0 0.279341 0.394974 0.270930 0.214154
0 0.944767 0.586897 0.110465 0.337795
0 0.778043 0.950872 0.321279 0.098256
