0 0.758850 0.785342 0.070799 0.112298
0 0.739345 0.924969 0.104121 0.150062
0 0.679345 0.833075 0.088211 0.123665
0 0.588978 0.890652 0.101214 0.154596
0 0.327300 0.845714 0.315176 0.300745
0 0.395240 0.372081 0.170607 0.567764
0 0.627300 0.726242 0.065080 0.095590
0 0.697412 0.727671 0.060703 0.087143
0 0.663419 0.946894 0.036102 0.059006
0 0.209457 0.491522 0.108435 0.356957
0 0.286102 0.268975 0.154696 0.537950
0 0.589696 0.757174 0.082396 0.118075
0 0.562236 0.278789 0.238530 0.557578
0 0.714042 0.363665 0.258818 0.623975
0 0.471885 0.553385 0.182173 0.205155
