1 0.835340 0.088112 0.223960 0.176223
1 0.095060 0.186755 0.157960 0.252234
1 0.182660 0.113431 0.201720 0.226862
1 0.702360 0.386463 0.121360 0.367926
1 0.798460 0.574787 0.184440 0.464255
1 0.791940 0.354043 0.144760 0.352128
1 0.058040 0.768378 0.116080 0.399415
1 0.325520 0.749069 0.292480 0.192713
1 0.399960 0.163457 0.325360 0.326915
1 0.575820 0.262074 0.131720 0.304787
1 0.564620 0.418883 0.154120 0.390638
1 0.583720 0.802713 0.158080 0.394574
1 0.676020 0.753457 0.105240 0.387128
1 0.907860 0.883112 0.184280 0.103351
