1 0.136156 0.224178 0.096578 0.360889
1 0.254311 0.267089 0.084089 0.275067
1 0.362044 0.268844 0.096356 0.271556
1 0.471511 0.274978 0.084089 0.262756
1 0.585400 0.265333 0.087600 0.268000
1 0.700156 0.275844 0.092844 0.264489
1 0.813133 0.289867 0.091067 0.229511
1 0.922622 0.303000 0.082311 0.206711
1 0.926111 0.790000 0.082356 0.322311
1 0.772822 0.774244 0.122622 0.367867
1 0.618689 0.758467 0.098089 0.381911
1 0.468889 0.759356 0.113867 0.397644
1 0.318244 0.760222 0.103333 0.381867
1 0.143044 0.713800 0.218978 0.478267
