1 0.227756 0.338911 0.281644 0.112933
1 0.231822 0.443667 0.355111 0.112933
1 0.236600 0.566800 0.410889 0.127911
1 0.238711 0.717156 0.477422 0.129244
1 0.744067 0.151156 0.282978 0.118400
1 0.740000 0.305578 0.364622 0.117022
1 0.744756 0.470867 0.428533 0.126533
1 0.753600 0.663400 0.484356 0.125200
4 0.229111 0.377689 0.213600 0.070756
4 0.225022 0.486511 0.289778 0.087067
4 0.228422 0.636178 0.367333 0.138756
4 0.218978 0.791289 0.437956 0.176889
4 0.749533 0.788578 0.432667 0.195911
4 0.763800 0.560000 0.363244 0.168711
4 0.754956 0.374267 0.304756 0.151022
4 0.738644 0.218511 0.236756 0.095244
