5 0.223855 0.255847 0.171200 0.172678
5 0.227891 0.388552 0.231782 0.174153
5 0.210236 0.502787 0.267091 0.157705
5 0.223364 0.606940 0.271600 0.175519
5 0.217927 0.740273 0.284291 0.227213
5 0.205709 0.886530 0.292436 0.179617
5 0.494055 0.260683 0.168400 0.163224
5 0.488182 0.390546 0.223636 0.175628
5 0.499055 0.497404 0.274327 0.174153
5 0.494527 0.616393 0.265273 0.159016
5 0.496782 0.719180 0.273418 0.231257
5 0.498127 0.851175 0.281564 0.250328
5 0.777891 0.253115 0.169309 0.172678
5 0.781527 0.379727 0.232655 0.178251
5 0.779727 0.511694 0.265273 0.191803
5 0.788782 0.624617 0.265273 0.142896
5 0.777000 0.726667 0.268909 0.219016
5 0.796018 0.875574 0.287018 0.187650
