1 0.501216 0.670253 0.316494 0.151026
1 0.503042 0.213791 0.247559 0.103407
1 0.502585 0.360729 0.275669 0.119729
1 0.503940 0.515154 0.274775 0.129253
1 0.199712 0.566172 0.188613 0.117004
1 0.205159 0.696103 0.246646 0.145582
1 0.806821 0.452568 0.160508 0.107480
1 0.804553 0.566172 0.201313 0.127890
1 0.803193 0.696106 0.247559 0.145575
4 0.194270 0.617872 0.161411 0.119729
4 0.189736 0.775696 0.203125 0.141502
4 0.495332 0.772297 0.293809 0.148300
4 0.496692 0.598824 0.254810 0.138777
4 0.502134 0.432161 0.254814 0.134696
4 0.502134 0.267535 0.216729 0.126527
4 0.809541 0.500187 0.149619 0.102044
4 0.804553 0.621275 0.172290 0.110198
4 0.803647 0.775015 0.226699 0.148300
