1 0.332229 0.517059 0.376323 0.151934
1 0.720601 0.428077 0.198447 0.262586
1 0.707524 0.609029 0.272041 0.311568
1 0.707524 0.751886 0.272041 0.232652
1 0.337139 0.240414 0.136777 0.081634
1 0.335630 0.340755 0.239551 0.134916
1 0.715354 0.710366 0.261460 0.157597
1 0.714978 0.524429 0.259194 0.143993
1 0.720266 0.354927 0.201763 0.115641
1 0.334119 0.714905 0.368013 0.164403
1 0.335281 0.282498 0.127856 0.172791
1 0.334827 0.419234 0.255718 0.282996
1 0.333921 0.606308 0.400811 0.330608
1 0.336187 0.751886 0.392646 0.240813
