4 0.641058 0.616484 0.054957 0.102287
3 0.604361 0.713288 0.426051 0.466605
3 0.323885 0.718196 0.291065 0.502443
1 0.519013 0.192173 0.099190 0.110568
1 0.619822 0.214126 0.099190 0.112202
1 0.711690 0.240178 0.104062 0.105639
1 0.786087 0.276030 0.097741 0.108395
1 0.452514 0.230980 0.105341 0.094659
1 0.554808 0.268395 0.114503 0.111449
1 0.644119 0.297393 0.112983 0.108395
1 0.732663 0.330227 0.091605 0.094659
1 0.385334 0.285945 0.114503 0.097713
1 0.496023 0.318011 0.106875 0.100767
1 0.591442 0.350064 0.114503 0.097713
1 0.673885 0.382898 0.105355 0.099233
4 0.526555 0.574496 0.073281 0.100753
4 0.582287 0.593580 0.059545 0.099233
3 0.575107 0.346648 0.708935 0.536591
4 0.696023 0.630980 0.067187 0.094659
4 0.496023 0.601214 0.058011 0.074815
3 0.260476 0.280795 0.388622 0.538210
